Columnas: {
Generacion
a
b
c
d
Sw0
Sg0
}
1 	0.326219 	88.818323 	0.662056 	0.115056 	75.945311 	244.407483 	
2 	0.344465 	18.926325 	0.710307 	0.091101 	28.854870 	297.308792 	
3 	0.344465 	18.926325 	0.710307 	0.091101 	28.854870 	297.308792 	
4 	0.344465 	18.926325 	0.710307 	0.091101 	28.854870 	297.308792 	
5 	0.029669 	312.904752 	0.457128 	0.146062 	21.637623 	294.747765 	
6 	0.029669 	312.904752 	0.457128 	0.146062 	21.637623 	294.747765 	
7 	0.277942 	24.106606 	0.817201 	0.349333 	80.194340 	72.359386 	
8 	0.277942 	24.106606 	0.817201 	0.349333 	80.194340 	72.359386 	
9 	0.360466 	10.000000 	0.818671 	0.088515 	65.995177 	304.386793 	
10 	0.264149 	10.000000 	0.719218 	0.171704 	38.053876 	137.857922 	
11 	0.264149 	10.000000 	0.719218 	0.171704 	38.053876 	137.857922 	
12 	0.325071 	10.000000 	0.815593 	0.121205 	50.815434 	229.393896 	
13 	0.325071 	10.000000 	0.815593 	0.121205 	50.815434 	229.393896 	
14 	0.325071 	10.000000 	0.815593 	0.121205 	50.815434 	229.393896 	
15 	0.325071 	10.000000 	0.815593 	0.121205 	50.815434 	229.393896 	
16 	0.228823 	10.000000 	0.793566 	0.142308 	0.000000 	249.200839 	
17 	0.148467 	10.000000 	0.846937 	0.149792 	50.569276 	175.147937 	
18 	0.148467 	10.000000 	0.846937 	0.149792 	50.569276 	175.147937 	
19 	0.148467 	10.000000 	0.846937 	0.149792 	50.569276 	175.147937 	
20 	0.148467 	10.000000 	0.846937 	0.149792 	50.569276 	175.147937 	
21 	0.160192 	10.922095 	0.855467 	0.157633 	50.361509 	170.845720 	
22 	0.264974 	10.040282 	0.847154 	0.254109 	50.683413 	89.685744 	
23 	0.155012 	10.000000 	0.855691 	0.161606 	42.313493 	177.556874 	
24 	0.162299 	10.396748 	0.845511 	0.224580 	41.779969 	110.210565 	
25 	0.162299 	10.396748 	0.845511 	0.224580 	41.779969 	110.210565 	
26 	0.021430 	10.755616 	0.890826 	0.193734 	45.587569 	141.958780 	
27 	0.021430 	10.755616 	0.890826 	0.193734 	45.587569 	141.958780 	
28 	0.202274 	10.742645 	0.900000 	0.225031 	41.901693 	128.095233 	
29 	0.202274 	10.742645 	0.900000 	0.225031 	41.901693 	128.095233 	
30 	0.202274 	10.742645 	0.900000 	0.225031 	41.901693 	128.095233 	
31 	0.202274 	10.742645 	0.900000 	0.225031 	41.901693 	128.095233 	
32 	0.202274 	10.742645 	0.900000 	0.225031 	41.901693 	128.095233 	
33 	0.202274 	10.742645 	0.900000 	0.225031 	41.901693 	128.095233 	
34 	0.225380 	10.898571 	0.897865 	0.211699 	0.000000 	187.039030 	
35 	0.225380 	10.898571 	0.897865 	0.211699 	0.000000 	187.039030 	
36 	0.225380 	10.898571 	0.897865 	0.211699 	0.000000 	187.039030 	
37 	0.225380 	10.898571 	0.897865 	0.211699 	0.000000 	187.039030 	
38 	0.159755 	11.338023 	0.896493 	0.221439 	11.690864 	162.083195 	
39 	0.159755 	11.338023 	0.896493 	0.221439 	11.690864 	162.083195 	
40 	0.159755 	11.338023 	0.896493 	0.221439 	11.690864 	162.083195 	
41 	0.159755 	11.338023 	0.896493 	0.221439 	11.690864 	162.083195 	
42 	0.561401 	11.071029 	0.896677 	0.217623 	16.102106 	169.177594 	
43 	0.194061 	11.074409 	0.896844 	0.220340 	13.631887 	162.118249 	
44 	0.151001 	11.312812 	0.896616 	0.227761 	20.320719 	151.981088 	
45 	0.381197 	10.869559 	0.898030 	0.226252 	10.459279 	163.120954 	
46 	0.381197 	10.869559 	0.898030 	0.226252 	10.459279 	163.120954 	
47 	0.381197 	10.869559 	0.898030 	0.226252 	10.459279 	163.120954 	
48 	0.381197 	10.869559 	0.898030 	0.226252 	10.459279 	163.120954 	
49 	0.487554 	10.869559 	0.898030 	0.226252 	10.459279 	163.120954 	
50 	0.487554 	10.869559 	0.898030 	0.226252 	10.459279 	163.120954 	
51 	0.744525 	10.936992 	0.899222 	0.231121 	10.672921 	163.914731 	
52 	0.744525 	10.936992 	0.899222 	0.231121 	10.672921 	163.914731 	
53 	0.641651 	11.333741 	0.898231 	0.234628 	9.482944 	162.644023 	
54 	0.641651 	11.333741 	0.898231 	0.234628 	9.482944 	162.644023 	
55 	0.641651 	11.333741 	0.898231 	0.234628 	9.482944 	162.644023 	
56 	0.641651 	11.333741 	0.898231 	0.234628 	9.482944 	162.644023 	
57 	0.641651 	11.333741 	0.898231 	0.234628 	9.482944 	162.644023 	
58 	0.641651 	11.333741 	0.898231 	0.234628 	9.482944 	162.644023 	
59 	0.641651 	11.333741 	0.898231 	0.234628 	9.482944 	162.644023 	
60 	0.816297 	11.031340 	0.899220 	0.240814 	15.428842 	155.253126 	
61 	0.816297 	11.031340 	0.899220 	0.240814 	15.428842 	155.253126 	
62 	0.816297 	11.031340 	0.899220 	0.240814 	15.428842 	155.253126 	
63 	0.816297 	11.031340 	0.899220 	0.240814 	15.428842 	155.253126 	
64 	0.816297 	11.031340 	0.899220 	0.240814 	15.428842 	155.253126 	
65 	0.744214 	11.220775 	0.899210 	0.237110 	13.275168 	158.965427 	
66 	0.760630 	11.459126 	0.900000 	0.238166 	11.292962 	162.409805 	
67 	0.760630 	11.459126 	0.900000 	0.238166 	11.292962 	162.409805 	
68 	0.766379 	11.221827 	0.900000 	0.240262 	10.277287 	160.035722 	
69 	0.766379 	11.221827 	0.900000 	0.240262 	10.277287 	160.035722 	
70 	0.766379 	11.221827 	0.900000 	0.240262 	10.277287 	160.035722 	
71 	0.766379 	11.221827 	0.900000 	0.240262 	10.277287 	160.035722 	
72 	0.766379 	11.221827 	0.900000 	0.240262 	10.277287 	160.035722 	
73 	0.766379 	11.221827 	0.900000 	0.240262 	10.277287 	160.035722 	
74 	0.766379 	11.221827 	0.900000 	0.240262 	10.277287 	160.035722 	
75 	0.766379 	11.221827 	0.900000 	0.240262 	10.277287 	160.035722 	
76 	0.766379 	11.221827 	0.900000 	0.240262 	10.277287 	160.035722 	
77 	0.766379 	11.221827 	0.900000 	0.240262 	10.277287 	160.035722 	
78 	0.791938 	11.174890 	0.900000 	0.240526 	10.231740 	160.290214 	
79 	0.791938 	11.174890 	0.900000 	0.240526 	10.231740 	160.290214 	
80 	0.791938 	11.174890 	0.900000 	0.240526 	10.231740 	160.290214 	
81 	0.791938 	11.174890 	0.900000 	0.240526 	10.231740 	160.290214 	
82 	0.740699 	11.455169 	0.900000 	0.240946 	10.228048 	160.362131 	
83 	0.788514 	11.229388 	0.900000 	0.243081 	10.270903 	158.131809 	
84 	0.848406 	11.147598 	0.900000 	0.242872 	8.012558 	161.238210 	
85 	0.848406 	11.147598 	0.900000 	0.242872 	8.012558 	161.238210 	
86 	0.848406 	11.147598 	0.900000 	0.242872 	8.012558 	161.238210 	
87 	0.848406 	11.147598 	0.900000 	0.242872 	8.012558 	161.238210 	
88 	0.778580 	11.348141 	0.900000 	0.243759 	7.758587 	161.319343 	
89 	0.778580 	11.348141 	0.900000 	0.243759 	7.758587 	161.319343 	
90 	0.778580 	11.348141 	0.900000 	0.243759 	7.758587 	161.319343 	
91 	0.778580 	11.348141 	0.900000 	0.243759 	7.758587 	161.319343 	
92 	0.787860 	11.360510 	0.899997 	0.244149 	7.791336 	161.111346 	
93 	0.787860 	11.360510 	0.899997 	0.244149 	7.791336 	161.111346 	
94 	0.787860 	11.360510 	0.899997 	0.244149 	7.791336 	161.111346 	
95 	0.787860 	11.360510 	0.899997 	0.244149 	7.791336 	161.111346 	
96 	0.787860 	11.360510 	0.899997 	0.244149 	7.791336 	161.111346 	
97 	0.787860 	11.360510 	0.899997 	0.244149 	7.791336 	161.111346 	
98 	0.787860 	11.360510 	0.899997 	0.244149 	7.791336 	161.111346 	
99 	0.787860 	11.360510 	0.899997 	0.244149 	7.791336 	161.111346 	
100 	0.787490 	11.357510 	0.899998 	0.244517 	7.623588 	160.621293 	
101 	0.787490 	11.357510 	0.899998 	0.244517 	7.623588 	160.621293 	
102 	0.787490 	11.357510 	0.899998 	0.244517 	7.623588 	160.621293 	
103 	0.787490 	11.357510 	0.899998 	0.244517 	7.623588 	160.621293 	
104 	0.787490 	11.357510 	0.899998 	0.244517 	7.623588 	160.621293 	
105 	0.806300 	11.326266 	0.899996 	0.243858 	3.801488 	165.338348 	
106 	0.806300 	11.326266 	0.899996 	0.243858 	3.801488 	165.338348 	
107 	0.765306 	11.523859 	0.899996 	0.243537 	3.610627 	165.647459 	
108 	0.765306 	11.523859 	0.899996 	0.243537 	3.610627 	165.647459 	
109 	0.801445 	11.407818 	0.899999 	0.244845 	3.829899 	164.474217 	
110 	0.801445 	11.407818 	0.899999 	0.244845 	3.829899 	164.474217 	
111 	0.801445 	11.407818 	0.899999 	0.244845 	3.829899 	164.474217 	
112 	0.801445 	11.407818 	0.899999 	0.244845 	3.829899 	164.474217 	
113 	0.801445 	11.407818 	0.899999 	0.244845 	3.829899 	164.474217 	
114 	0.701691 	11.615503 	0.900000 	0.246469 	4.741199 	161.927313 	
115 	0.701691 	11.615503 	0.900000 	0.246469 	4.741199 	161.927313 	
116 	0.701691 	11.615503 	0.900000 	0.246469 	4.741199 	161.927313 	
117 	0.701691 	11.615503 	0.900000 	0.246469 	4.741199 	161.927313 	
118 	0.714120 	11.630261 	0.900000 	0.246278 	4.781678 	162.480663 	
119 	0.714120 	11.630261 	0.900000 	0.246278 	4.781678 	162.480663 	
120 	0.714120 	11.630261 	0.900000 	0.246278 	4.781678 	162.480663 	
121 	0.714120 	11.630261 	0.900000 	0.246278 	4.781678 	162.480663 	
122 	0.714120 	11.630261 	0.900000 	0.246278 	4.781678 	162.480663 	
123 	0.714120 	11.630261 	0.900000 	0.246278 	4.781678 	162.480663 	
124 	0.714120 	11.630261 	0.900000 	0.246278 	4.781678 	162.480663 	
125 	0.714120 	11.630261 	0.900000 	0.246278 	4.781678 	162.480663 	
126 	0.714120 	11.630261 	0.900000 	0.246278 	4.781678 	162.480663 	
127 	0.714120 	11.630261 	0.900000 	0.246278 	4.781678 	162.480663 	
128 	0.714120 	11.630261 	0.900000 	0.246278 	4.781678 	162.480663 	
129 	0.716923 	11.638754 	0.900000 	0.246273 	4.757426 	162.478356 	
130 	0.716923 	11.638754 	0.900000 	0.246273 	4.757426 	162.478356 	
131 	0.716297 	11.627841 	0.900000 	0.246420 	4.687251 	162.468468 	
132 	0.714543 	11.642252 	0.899998 	0.246329 	4.787115 	162.438991 	
133 	0.720116 	11.635326 	0.899994 	0.247103 	3.495076 	163.334920 	
134 	0.720116 	11.635326 	0.899994 	0.247103 	3.495076 	163.334920 	
135 	0.720116 	11.635326 	0.899994 	0.247103 	3.495076 	163.334920 	
136 	0.717868 	11.636069 	0.900000 	0.247193 	3.248708 	163.303699 	
137 	0.726637 	11.633224 	0.899998 	0.247129 	3.359686 	163.269275 	
138 	0.726637 	11.633224 	0.899998 	0.247129 	3.359686 	163.269275 	
139 	0.726637 	11.633224 	0.899998 	0.247129 	3.359686 	163.269275 	
140 	0.721238 	11.703787 	0.899998 	0.247227 	4.441820 	162.756572 	
141 	0.721238 	11.703787 	0.899998 	0.247227 	4.441820 	162.756572 	
142 	0.721454 	11.712473 	0.899995 	0.247439 	4.411299 	162.417370 	
