Columnas: {
 Generacion
 Mejor en la historia
 Generacion del mejor en la historia
 Mejor en generacion actual
 Peor en generacion actual
 Media
 Desviacion estandar
 Medida OnLine
 MedidaOffLine
}
    0	   -98.000000	    0	   -98.000000	   -98.000000	   -98.000000	     0.000000	   -98.000000	   -98.000000	
    1	   126.000000	    1	   126.000000	  -130.000000	   -88.219419	    37.395020	   -93.109710	    14.000000	
    2	   150.000000	    2	   150.000000	  -130.000000	   -24.578915	    83.643712	   -70.266112	    59.333333	
    3	   158.890611	    3	   158.890611	   -98.000000	    76.771400	    54.833875	   -33.506734	    84.222653	
    4	   158.890611	    3	   158.890611	  -114.000000	   100.233109	    50.053301	    -6.758765	    99.156244	
    5	   159.029936	    5	   159.029936	   -89.996833	   110.676944	    52.072379	    12.813853	   109.135193	
    6	   159.029936	    5	   159.029936	  -138.000000	   116.216678	    47.692776	    27.585685	   116.263013	
    7	   161.000000	    7	   161.000000	   -42.000000	   125.942164	    41.689526	    39.880245	   121.855137	
    8	   162.204150	    8	   162.204150	   -81.975880	   124.524687	    49.523872	    49.285183	   126.338360	
    9	   162.204150	    8	   162.204150	   -82.000000	   129.422438	    51.051541	    57.298908	   129.924939	
   10	   162.204150	    8	   162.204150	  -128.000000	   130.952516	    52.697623	    63.994691	   132.859413	
   11	   163.567046	   11	   163.567046	    22.410856	   143.106899	    36.363293	    70.587375	   135.418383	
   12	   163.567046	   11	   163.567046	  -120.973744	   139.429225	    54.341236	    75.882902	   137.583664	
   13	   163.577952	   13	   163.577952	  -127.805245	   147.703408	    39.807910	    81.012938	   139.440399	
   14	   164.567046	   14	   164.567046	   -87.638345	   149.279013	    37.710263	    85.564010	   141.115509	
   15	   164.567046	   14	   164.567046	   -94.451979	   148.393922	    39.906230	    89.490879	   142.581230	
   16	   164.567046	   14	   164.513889	  -126.754982	   145.572247	    51.711059	    92.789783	   143.874513	
   17	   165.306599	   17	   165.306599	   -84.693802	   151.637843	    36.595987	    96.059120	   145.065185	
   18	   165.679418	   18	   165.679418	   -38.515359	   151.454591	    34.464042	    98.974671	   146.150144	
   19	   165.847210	   19	   165.847210	   -92.655237	   151.008460	    38.075167	   101.576360	   147.134998	
   20	   166.454843	   20	   166.454843	   -76.742584	   152.881489	    35.951499	   104.019462	   148.054990	
   21	   166.878649	   21	   166.878649	  -132.221722	   154.906455	    34.338748	   106.332507	   148.910611	
   22	   166.894777	   22	   166.894777	  -107.692220	   153.163653	    42.010560	   108.368644	   149.692531	
   23	   166.894777	   22	   166.821764	  -121.112554	   156.310610	    36.519271	   110.366226	   150.409292	
   24	   166.894777	   22	   166.846506	   -98.098131	   150.785109	    42.789132	   111.982981	   151.068711	
   25	   166.894777	   22	   166.857222	  -113.372916	   147.667343	    47.133050	   113.355456	   151.677406	
   26	   166.902216	   26	   166.902216	   -18.161140	   155.922166	    31.255427	   114.932001	   152.241288	
   27	   166.902216	   26	   166.902216	  -114.155277	   151.391189	    42.718251	   116.234115	   152.764892	
   28	   166.902216	   26	   166.902216	   -26.500832	   154.459421	    37.158428	   117.552229	   153.252386	
   29	   166.902216	   26	   166.902216	   -50.110702	   154.379904	    36.348258	   118.779818	   153.707381	
   30	   166.902306	   30	   166.902306	   -51.208047	   153.769606	    38.298931	   119.908521	   154.133023	
   31	   166.902401	   31	   166.902401	   -26.326730	   158.982380	    27.648298	   121.129579	   154.532066	
   32	   166.902542	   32	   166.902542	   -97.097784	   155.051674	    39.486181	   122.157521	   154.906929	
   33	   166.902571	   33	   166.902571	  -107.493326	   154.139722	    38.848338	   123.098174	   155.259742	
   34	   166.902579	   34	   166.902579	   -65.154897	   157.150651	    34.227798	   124.071102	   155.592395	
   35	   166.902579	   34	   166.902579	   -41.101184	   155.010422	    38.068727	   124.930528	   155.906566	
   36	   166.902579	   36	   166.902579	   -33.102357	   159.895974	    27.827318	   125.875540	   156.203756	
   37	   166.902579	   36	   166.902579	  -113.116024	   156.265469	    43.529959	   126.675275	   156.485304	
   38	   166.902579	   38	   166.902579	  -121.097454	   150.940771	    49.329075	   127.297467	   156.752414	
   39	   166.902579	   38	   166.902579	  -129.100472	   153.391610	    43.109753	   127.949821	   157.006168	
   40	   166.902579	   38	   166.902579	   -33.097421	   156.818328	    32.389579	   128.653931	   157.247544	
   41	   166.902579	   38	   166.902579	   -17.097433	   158.443904	    29.206860	   129.363216	   157.477425	
   42	   166.902579	   38	   166.902579	   -97.097421	   154.129538	    41.415740	   129.939177	   157.696615	
   43	   166.902579	   43	   166.902579	   -33.097428	   154.205250	    37.125764	   130.490678	   157.905841	
   44	   166.902579	   43	   166.902579	   -81.097447	   158.619646	    38.667445	   131.115766	   158.105769	
   45	   166.902579	   43	   166.902579	   -34.097585	   162.318861	    25.592113	   131.794095	   158.297004	
   46	   166.902579	   43	   166.902579	   -82.097422	   155.633893	    41.760194	   132.301324	   158.480101	
   47	   166.902579	   43	   166.902579	   -89.322888	   153.916697	    41.558658	   132.751645	   158.655570	
   48	   166.902579	   43	   166.902579	  -121.097421	   153.454621	    42.176550	   133.174154	   158.823876	
   49	   166.902579	   43	   166.902579	   -57.097421	   154.825908	    39.570610	   133.607189	   158.985450	
   50	   166.902579	   43	   166.902579	   -65.097421	   154.554925	    35.980871	   134.017929	   159.140688	
   51	   166.902579	   43	   166.902579	   -97.097421	   156.049071	    36.203743	   134.441605	   159.289955	
   52	   166.902579	   52	   166.902579	   -17.097454	   155.659919	    33.962276	   134.841951	   159.433589	
   53	   166.902579	   53	   166.902579	   -73.097421	   157.884633	    32.919935	   135.268667	   159.571904	
   54	   166.902579	   53	   166.902579	   -25.097421	   159.882320	    28.288073	   135.716188	   159.705189	
   55	   166.902579	   53	   166.902579	   -42.097421	   157.405645	    34.797010	   136.103500	   159.833714	
   56	   166.902579	   53	   166.902579	    -9.097421	   156.074298	    33.178226	   136.453865	   159.957729	
   57	   166.902579	   53	   166.902579	  -113.101474	   154.726242	    41.434505	   136.768906	   160.077468	
   58	   166.902579	   53	   166.902579	   -82.109037	   157.449503	    34.459701	   137.119424	   160.193148	
   59	   166.902579	   53	   166.902579	   -73.097616	   155.861947	    36.752737	   137.431800	   160.304971	
   60	   166.902579	   53	   166.902579	  -122.097421	   160.747964	    27.819440	   137.814032	   160.413129	
   61	   166.902579	   53	   166.902579	   -82.228929	   152.494606	    35.896175	   138.050815	   160.517797	
   62	   166.902579	   53	   166.902579	   -83.153309	   147.001869	    48.369184	   138.192895	   160.619143	
   63	   166.902579	   53	   166.902579	   -87.097421	   147.016084	    41.809635	   138.330758	   160.717322	
   64	   166.902579	   53	   166.902579	  -113.097421	   144.906787	    47.732480	   138.431927	   160.812480	
   65	   166.902579	   53	   166.902579	   -99.097433	   148.684215	    43.094428	   138.587265	   160.904754	
   66	   166.902579	   53	   166.902447	   -69.159090	   143.753505	    47.498341	   138.664373	   160.994274	
   67	   166.902579	   53	   166.672925	  -118.104089	   141.832138	    54.390121	   138.710958	   161.081161	
   68	   166.902579	   53	   166.867191	   -70.097465	   139.967078	    47.843215	   138.729163	   161.165529	
   69	   166.902579	   53	   166.879036	   -81.437552	   138.661238	    51.727583	   138.728192	   161.247487	
   70	   166.902579	   53	   166.877313	   -72.438274	   144.194806	    46.212238	   138.805187	   161.327136	
   71	   166.902579	   53	   165.902535	   -94.097465	   139.925901	    49.676937	   138.820752	   161.404573	
   72	   166.902579	   53	   166.818492	  -124.123269	   135.111250	    55.966080	   138.769937	   161.479888	
   73	   166.902579	   53	   165.832562	  -129.101916	   130.773575	    59.912884	   138.661878	   161.553167	
   74	   166.902579	   53	   165.902535	  -127.217096	   122.854053	    63.662871	   138.451107	   161.624493	
   75	   166.902579	   53	   164.701974	   -79.377343	   130.700811	    52.550577	   138.349130	   161.693941	
   76	   166.902579	   53	   164.881310	   -41.382598	   127.368598	    51.861935	   138.206525	   161.761586	
   77	   166.902579	   53	   165.252917	  -123.097840	   127.529697	    56.490339	   138.069643	   161.827496	
   78	   166.902579	   53	   165.902571	   -80.000000	   132.449417	    50.628501	   137.998501	   161.891738	
   79	   166.902579	   53	   165.000000	   -90.159911	   129.211061	    52.430980	   137.888658	   161.954373	
   80	   166.902579	   53	   165.899337	   -72.716305	   129.783060	    52.229511	   137.788589	   162.015462	
   81	   166.902579	   53	   164.820384	   -74.125270	   124.251602	    59.047410	   137.623504	   162.075061	
   82	   166.902579	   53	   164.852663	   -64.355691	   127.292766	    58.129809	   137.499037	   162.133224	
   83	   166.902579	   53	   164.262956	   -94.097507	   128.645331	    53.848143	   137.393636	   162.190002	
   84	   166.902579	   53	   163.800220	   -85.616189	   126.517653	    55.977836	   137.265683	   162.245444	
   85	   166.902579	   53	   165.876813	   -74.463801	   123.190977	    59.878161	   137.102023	   162.299597	
   86	   166.902579	   53	   165.199193	   -88.297574	   131.834567	    51.367715	   137.041478	   162.352505	
   87	   166.902579	   53	   165.382068	   -46.000000	   137.427359	    45.749730	   137.045863	   162.404210	
   88	   166.902579	   53	   164.902182	   -73.650631	   131.891115	    50.959808	   136.987944	   162.454754	
   89	   166.902579	   53	   164.000000	   -50.101299	   125.636307	    55.940003	   136.861815	   162.504174	
   90	   166.902579	   53	   164.000000	   -99.541621	   130.219189	    50.019543	   136.788819	   162.552508	
   91	   166.902579	   53	   163.916227	  -105.677279	   123.254078	    59.959395	   136.641703	   162.599791	
   92	   166.902579	   53	   163.891348	   -47.000000	   123.991857	    53.228390	   136.505683	   162.646058	
   93	   166.902579	   53	   164.302317	   -77.659212	   119.177419	    60.570766	   136.321339	   162.691340	
   94	   166.902579	   53	   164.571406	   -57.000000	   124.810686	    54.824891	   136.200175	   162.735669	
   95	   166.902579	   53	   163.902510	   -56.099080	   135.186586	    45.155743	   136.189616	   162.779074	
   96	   166.902579	   53	   163.902422	   -32.407250	   121.704784	    56.844440	   136.040288	   162.821585	
   97	   166.902579	   53	   164.705335	   -66.179057	   125.980830	    52.710328	   135.937641	   162.863227	
   98	   166.902579	   53	   164.830902	   -50.393797	   128.394996	    50.282829	   135.861452	   162.904029	
   99	   166.902579	   53	   164.609488	    -9.768495	   135.557715	    43.610621	   135.858415	   162.944014	
