
Generacion:	  0
	Funcion Objetivo: 32.36	
	Individuo:  39  42  37  29  43  17  24  27  23  36  24   3   6  44  11  32  29  26   8  33  20  29  15  31  34  40  25  31   1  30   9   3  39  18   2  31  28  29  12   4   9  37  31  28  14  13  22  36  35  18   7  20  21  26  32  15  45  14  11  42  41  22  16  26  30  23  10
Generacion:	  5
	Funcion Objetivo: 26.06	
	Individuo:  39  42  37  29  43  17  24  27  23  36  24   3   6  44  11  32  29  26  36  33  20  29  15  31  34  40  25  31   1  30   9   3  39  18   2  31  43  29  12   4   9  37  10  28  14  13  22  36  35  27   7  20  21  26  32  15  45  14  11  42  41  22  16  11  30  23  10
Generacion:	 10
	Funcion Objetivo: 21.22	
	Individuo:  16   6  32  45   4  34  15  44  42  46   4  22   1  13  28   9  45  14  30  31  30  29  22  12  10   1  40  22  13  26  15   0   4   8  17  37  36  39  40  45  11  22  24  21  19  31  23   5  38  35  20  43  10  23  14  12   1  42  44  30   9  27  26  40  32  28  39
Generacion:	 15
	Funcion Objetivo: 16.6	
	Individuo:  29   6  32   9   4  34  15  44  42  46   2  22   1  24  28  11  45  14  30  31  30  29  22  12  10   1  40  22  13  26  31   0   4  18  17  37  28  39  38  45  11  22  24   3  17   7  23   5  38  35  20  43  10  23  14  12  15  42  44  30   9  27  26  40  32  28  39
Generacion:	 20
	Funcion Objetivo: 14.8	
	Individuo:  16   6  32   9   7  34  15  44  42  46  47  22   1  13  28  12  45  14  32  31  30  29  22  21  10   1  40  22  13  26  15   0   4  18  29  35   2  39  40  45  36  22  24   3  19   7  16   5  38  35  20  43  10  23  14  12   1  42  44  30   9  27  26  41  32  28  39
Generacion:	 25
	Funcion Objetivo: 12.8	
	Individuo:  16   6  32   9   7  34  15  44   5  46  47  22   1  13  28  12  45  14  30  31   8  29  22   0  10   1  40  22  19  26  15   0   4  18  29  35  36  39   8  45  11  22  24   3  41   7  16   5  38  35  20  43  10  23  14  12  21  42  44  30   9  27  26  40  32  28  39
Generacion:	 30
	Funcion Objetivo: 10.46	
	Individuo:  16   0  32   9   7  34  15  44  42  46  47  22  19  13  28  12  45  14  30  33  27  29  22  21  10   1  40  22  13  26  15   0   4  18  29  35  37  39  40  45  41  22  24   3  19   7  16   5  37  35  20  43  10  23  14  12   1  42  44  30   9  27  26  41  32  28  39
Generacion:	 35
	Funcion Objetivo: 10.46	
	Individuo:  16   0  32   9   7  34  11  44  42  46  47  22  19  13  28  12  45  14  30  33  27  29  22  21  10   1  40  22  13  26  15   0   4  18  29  35  37  39  40  45  41  22  24   3  19   7  16   5  37  35  20  43  10  23  14  12   1  42  44  30   9  27  26  41  32  28  39
Generacion:	 40
	Funcion Objetivo: 8.66	
	Individuo:  16   0  32   9   7  34  15  44  42  46  47  22  19  13  28  12  45  14  30  33  27  29  22  21  10   1  40  22  13  26  15   0   4  18  29  35  37  39  40  45  41  46   5   3  19   7  16   5  37  35  20  43  10  23  14  12   1  42  45  30   9  27  26  41  32  28  39
Generacion:	 45
	Funcion Objetivo: 8.46	
	Individuo:  16   0  32   9   7  34  15  44  42  46  47  22  19  13  28  12  45  14  30  33  27  29  31  21  10   1  40  22  13  26  15   0   4  18  29  35  37  39  40  45  41  46  24   3  19   7  16   5  37  35  20  43  10  23  14  12   1  42  44  30   9  27  26  41  32  28  39
Generacion:	 50
	Funcion Objetivo: 7.66	
	Individuo:  16   0  32   9   7  34  15  44  42  21  47  22  19  13  28  12  45  14  30  33  27  29  22  21  10   1  40  22  13  26  15   0   4  18  29  35  37  39  40  45  41  46   5   3  19   7  16   5  37  35  20  43  10  23  14  12   1  42  24  30   9  27  26  41  32  28  39
Generacion:	 55
	Funcion Objetivo: 5.68	
	Individuo:  16   0  32   9   6  34  15  44  42  46  47  29  19  13  28  12  17   0  30  33  27  29  31  21  10   1  40  22  13  26  15   0   4  18  33  35  37  39  40  45  41  46  24   3  11   7  16   5  37  35  21  43  10  23  14  12   1  42  44  30   9  27  26  41  32  28  39
Generacion:	 60
	Funcion Objetivo: 4.78	
	Individuo:  16   0  32   9   2  34  15  44  42  46  47  29  19  13  28  12  17   0  30  33  27  29  31  21  10   1  40  22  13  26  15   0   4  18  33  35  37  39  40  45  41  46  24   3  11   7  16   5  37  35  21  43  10  23  14  12   1  42  44  30   9  43  26  41  32  28  39
Generacion:	 65
	Funcion Objetivo: 4.42	
	Individuo:  16   0  32   9   6  34  15  44  42  46  47  29  19  13  28  12  17   0  30  33  27  29  31  21  10   1  40  22  13  26  23   0   4  18  33  35  37  39  40  45  41  46  24   3  11   7  16   5  37  35  21  43  10  23  14  12   1  42  44  30   9   5  26  41  32  28  39
Generacion:	 70
	Funcion Objetivo: 3.24	
	Individuo:  16   0  32   9   6  34  15  44  42  46  47  29  19  13  28  27  17   8  30  33   6  29  31  21  10   1  40  22  13  26  15   0   4  18  33  35  37  39  40  45  41  46  24   8  11   7  16   5  37   5  21  43  10  23  14  12   1  42  44  30   9  27  26  41  32  28  39
Generacion:	 75
	Funcion Objetivo: 3.24	
	Individuo:  16   0  32   9   6  34  15  44  42  45  47  29  19  13  28  27  17   8  30  33   6  29  31  21  10   1  40  22  13  26  15   0   4  18  33  35  37  39  40  45  41  46  24   8  11   7  16   5  37   5  21  43  10  23  14  12   1  42  44  30   9  27  26  41  32  28  39
Generacion:	 80
	Funcion Objetivo: 2.34	
	Individuo:  16   0  11   9   6  34  15  44  42  46  47  29  19  13  28  27  17   8  30  33   6  29  31  21  10   1  40  22  13  26  15   0   4  18  33  35  37  39  40  45  41  46  24   8  11   7  16   5  37   5  21  43  10  47  14  12   1  42  44  30   9  27  26  41  34  28  39
Generacion:	 85
	Funcion Objetivo: 1.98	
	Individuo:  16   0  36   9   6  34  15  44  42  46  47  29  19  13  28  27  17   8  30  33   6  29  31  21  10   1  40  22  13  26  15   0   4  18  33  35  37  39  40  45  41  46  24   8  11   7  16   5  37   5  21  43  10  23  14  12   1  42  44  30   9  27  26  41  17  28  39
Generacion:	 90
	Funcion Objetivo: 1.98	
	Individuo:  16   0  36   9   6  34  15  44  23  46  47  29  19  13  28  27  17   8  30  33   6  29  31  21  10   1  40  22  13  26  15   0   4  18  33  35  37  39  40  45  41  46  24   8  11   7  16   5  37   5  21  43  10  23  14  12   1  42  44  30   9  27  26  41  17  28  39
Generacion:	 95
	Funcion Objetivo: 1.98	
	Individuo:  16   0  36   9   6  34  15  44  42  46  47  29  19  13  28  27  17   8  30  33   6  29  31  21  10   1  40  22  13  26  15   0   4  18  33  35  37  39  40  45  41  46  24   8  11   7  16   5  37   5  21  43  10  23  14  12   1  42  44  30   9  27  26  41  17  28  39
Generacion:	 100
	Funcion Objetivo: 1.98	
	Individuo:  16   0  36   9   6  34  15  44  42  46  47  29  19  13  28  27  17   8  30  33   6  29  31  21  10   1  40  22  13  26  15   0   4  18  33  35  37  39  40  45  41  46  24   8  11   7  16   5  37   5  21  43  10  23  14  12   1  42  44  30   9  27  26  41  17  28  39
Generacion:	 105
	Funcion Objetivo: 1.98	
	Individuo:  16   0  36   9   6  34   4  44  42  46  47  29  19  13  28  27  17   8  30  33   6  29  31  21  10   1  40  22  13  26  15   0   4  18  33  35  37  39  40  45  41  46  24   8  11   7  16   5  37   5  21  43  10  23  14  12   1  42  44  30   9  27  26  41  17  28  39
Generacion:	 110
	Funcion Objetivo: 1.98	
	Individuo:  16   0  36   9   6  34  15  44  42  46  14  29  19  13  28  27  17   8  30  33   6  29  31  21  10   1  38  22  13  26  15   0   4  18  33  35  37  39  40  45  41  46  24   8  11   7  16   5  37   5  21  43  10  23  14  12   1  42  44  30   9  27  26  41  17  28  39
Generacion:	 115
	Funcion Objetivo: 1.98	
	Individuo:  16   0  36   9   6  34  15  44  42  46  14  29  19  13  28  27  17   8  30  33   6  29  31  21  10   1  38  22  13  26  15   0   4  18  33  35  37  39  40  45  41  46  24   8  11   7  16   5  37   5  21  43  10  23  14  12   1  42  44  30   9  27  26  41  17  28  39