67	200	120	0.009		//N.Maqs, Individuos, Generaciones, Prob.Mutacion

E010301	10	6	27		//Cod equipo, Cod importancia, cod. trabajo, Cod mtto.
E010501	4	6	22
E020301	10	6	27
E020501	4	6	22
E030301	10	6	27
E040301	10	6	27
E050301	10	6	27
E060301	10	6	27
E070401	3	6	28
E080501	4	6	10
I010101	10	6	27
I020101	10	6	27
I030101	10	6	27
I040101	10	6	27
I050101	10	6	27
I060101	10	6	27
I070101	10	6	27
I080101	10	6	27
I090101	10	6	27
I100101	10	6	27
M021901	9	6	10
M032001	6	6	10
M042101	9	6	11
M051402	10	6	19
M062101	9	6	11
M072101	9	6	11
S010202	10	6	27
S020202	10	6	27
S030202	10	6	27
S040202	10	6	27
S050202	10	6	27
S060201	10	6	27
S070202	10	6	27
S080202	10	6	27
S090202	10	6	27
T021702	3	6	20
T031702	3	6	20
T041702	3	6	20
T051702	3	6	20
T061702	3	6	20
T071702	3	6	20
V030601	6	6	21
V040601	6	6	25
V050701	10	6	27
V060701	10	6	27
V070702	6	6	11
V080702	6	6	11
V090901	3	6	4	
V101001	3	6	10
V111002	3	6	10
V121101	9	6	24
V131201	5	6	3	
V141201	5	6	3	
V151301	6	6	10
V160801	10	6	25
V170801	10	6	25
V180801	10	6	25
V191401	10	6	27
V201401	10	6	27
V211402	10	6	27
V221501	2	6	11
V231601	3	6	11
V241102	9	6	14
V301601	3	6	11
V311501	2	6	11
V321201	5	6	3
V332201	3	6	9
